6733
3473
8921
1333
208
8769
4121
7556
4061
3675
11072
6853
13
7768
6374
16
439
10308
5384
3895
7772
5690
4091
7875
2349
282
8807
1655
29
3800
7628
1519
9811
7628
9480
6586
410
1333
11102
3733
9259
6322
6399
9211
9884
6782
2137
4251
4943
11533
11636
8011
11102
3869
2961
10486
519
7637
4205
1802
5062
10407
10168
4373
11708
6154
67
9046
69
410
3315
9459
6322
4486
9183
4988
9046
8138
5191
2602
4873
3211
10697
5736
6009
7160
4083
8784
5062
4522
91
1333
3766
9555
3223
8396
9702
8671
13
679
11716
4806
10711
7959
4175
11072
634
6733
7433
11194
111
5431
6730
1241
5125
1812
2720
2490
5336
394
8797
2349
6270
10642
6730
1660
5302
9459
9259
7807
4852
4122
282
9173
8487
7628
137
4349
5117
11341
7904
4906
4913
8396
2720
11728
7701
4815
8710
394
7868
10642
9923
5696
5962
7884
8339
3480
4418
4966
410
6266
8959
11883
7870
2655
6143
3733
8874
2773
2175
6880
4575
541
4871
10208
1786
11339
10291
3392
9387
7623
10940
1333
5340
5510
6154
4637
1519
10512
8744
2394
8083
5431
2394
91
5696
8714
137
410
3391
612
11894
9166
3436
4221
11339
208
1342
11668
8427
8874
10837
2350
91
589
2206
4175
2394
636
10168
7007
6178
5301
313
5940
2198
9958
5957
11458
2206
279
2585
3657
279
7959
7939
2535
10393
4111
9507
4061
6607
2175
4527
10584
9576
11823
1510
3211
7119
5619
11002
6535
11144
994
7314
8714
3862
3476
5940
612
4277
264
11156
3155
11941
2076
10639
5962
9596
10168
6894
10291
4023
3155
6528
8391
279
7823
7701
282
10308
4252
1570
7477
6196
9173
7975
7939
8336
8138
8350
6535
2881
11577
9009
6607
6266
3144
4142
10393
2175
1834
7242
2712
13
3862
10362
4238
11636
4277
313
4121
8212
1835
8906
2742
11425
10298
1104
10210
1461
589
7768
1842
2945
8138
5191
6730
11668
4374
3800
7772
335
10837
5117
5316
11838
2252
6162
1499
9340
1499
5935
2175
3600
1835
6880
5589
7556
1031
612
10642
11838
5619
3752
10362
5736
6730
5736
7877
1510
7374
5117
5473
1655
1786
9923
7768
11194
6399
2252
4815
1324
13
4575
7502
4494
1333
4886
8350
11200
9009
6903
4957
3653
4061
1243
4083
3729
10642
11941
394
11124
4221
8427
7285
7365
429
4213
10210
2961
859
405
2076
11728
4235
1482
410
3214
4252
9873
10677
3047
2137
7623
2742
4253
9873
8610
208
10298
1519
11671
11156
4439
8138
429
11127
431
2648
4039
5301
11671
4205
91
394
439
5422
7807
10099
5736
7959
8607
4083
447
2005
2773
11278
4221
1660
10512
313
11904
3895
457
3107
10339
8579
8948
2206
10677
9340
2891
8255
9480
2065
11417
8954
8710
10339
9811
4374
5473
2585
13
7242
1908
6162
2490
8427
1292
2137
1435
7374
3223
2843
2252
6880
410
10857
5191
4061
6162
7772
4616
498
6586
6171
6266
1694
457
4039
8570
1552
5987
9555
3036
8611
10639
7939
6508
3036
8336
10699
439
8989
519
9811
10095
1908
4815
6009
3155
1544
4142
6104
5690
5957
6558
3166
9096
7229
636
1552
2206
7013
8639
1843
541
2720
7772
1869
6903
7643
10393
3458
9067
4374
8255
4844
11341
10697
6558
9844
1835
8396
9089
6154
7939
1544
7685
7877
6178
7877
6399
7154
8954
8000
696
4966
4439
519
1510
11823
10129
10837
5095
10210
8959
11838
4039
7823
6892
636
1058
208
589
4418
3862
5619
9089
1434
8524
1510
9451
8807
8569
3107
3706
6822
9166
1908
2843
1660
8611
9873
4906
6045
5911
612
7701
614
11278
10356
614
2655
1292
457
410
7868
8671
13
4815
1655
6901
2065
447
10699
2585
5431
8350
634
3166
636
4964
4374
9259
2535
11144
9888
11671
11533
8796
1908
3261
6143
8391
6528
5962
4198
11001
11533
9089
8391
7959
5384
4828
6266
773
11530
6880
7314
1499
1869
3675
7071
1834
7285
3840
3653
3495
10208
1570
10572
9166
11341
679
8948
4637
1510
7904
7939
1833
7764
2980
634
8570
7877
10129
10639
3315
1510
4361
696
11083
9981
11632
4522
11798
3453
8119
2097
994
8336
5239
10946
1570
8063
8452
9067
6099
8989
11156
9811
8427
1786
612
4221
11278
5239
10021
7908
8350
2881
6607
10291
1812
5384
1609
10208
1031
2843
5187
7285
11838
8427
10210
8194
9507
1869
10940
5336
11639
6894
10308
3392
5842
1754
7242
916
8452
10486
11883
8714
10407
7884
10261
9468
5601
6399
9555
2720
1265
8040
11313
1527
7135
7807
4852
3706
773
1544
7154
10840
8610
8569
4338
10740
3476
6178
6374
1660
5384
10486
7959
10208
7119
11425
8784
2211
4726
8336
8607
10943
5690
10675
1980
2005
8339
10021
3107
3047
10298
806
807
5935
1646
5957
10675
11364
5171
3950
1786
4806
1552
10407
11686
614
208
10486
5336
7365
4338
7939
9468
1842
10711
10639
11109
4418
3166
1461
11798
8011
10587
7875
6322
6853
3047
8391
3675
6560
5601
5340
9046
4913
2945
405
5493
3733
9229
10261
8237
4575
9844
3800
859
91
4198
5923
7693
5131
3211
11109
6586
614
6196
7772
10398
4736
873
11639
3862
9429
5589
7701
264
11996
8671
9046
7701
2881
1510
11842
1434
1552
2712
11124
8569
7908
4374
7119
679
91
11823
9507
6266
9183
5957
5191
11144
11883
996
7623
10740
5053
8865
2535
11109
6586
10775
9166
1243
916
8251
1265
3223
6690
3155
4454
6609
4221
3675
9811
9594
4175
313
6560
11425
11787
3214
2206
6903
1292
1527
10675
7285
7433
10740
9096
5431
4943
10210
5125
11070
5735
1518
9009
951
7643
6143
2097
11639
1518
8807
4338
5743
3261
5962
4338
4915
7623
6609
5911
11530
3480
10946
457
7785
4648
5510
9211
3418
3869
2720
5340
4775
11686
11467
2252
3729
1544
3315
7536
8954
5684
5431
1152
7785
4726
4611
994
4374
996
4251
4251
5510
1333
6951
8807
1499
7768
8579
2097
3675
8714
4121
10125
4775
4637
11632
9811
7685
8611
8524
10837
1435
10943
282
5239
4324
8350
2388
2206
1435
9211
7007
11070
1031
2761
859
11339
8452
8361
10587
4886
1434
1214
5473
10639
4251
11124
6009
4494
8990
9811
3653
5449
4915
3047
4294
2800
3136
1214
2350
1058
4294
3372
3600
3637
5239
11894
1609
1869
7154
9173
6951
4775
9844
10940
5911
10339
3840
4500
3653
2881
8714
6031
4252
1655
1435
4253
6903
5239
773
4175
5940
1499
3476
91
1786
2720
410
8906
4121
10356
2843
10587
11278
1519
8671
1104
10587
7628
4111
7768
8784
11072
7623
11842
4913
2065
4238
5053
3172
10486
8579
1660
6171
7013
3214
8569
1435
4121
6586
5493
4383
6992
4175
1803
4324
11002
8059
10584
6853
679
3495
7502
3418
7135
2175
9958
457
1058
7904
7690
1510
5842
8714
1152
7007
3766
10639
11070
6505
7868
5743
2585
8769
10095
9811
6528
3392
10339
8607
1499
11744
11102
11838
9340
10587
916
264
5187
7877
7013
7785
996
9844
4494
11341
4966
11607
3391
6196
10711
2350
8989
5301
634
3495
5923
10587
11205
9468
1333
636
6519
6922
8796
2712
111
10021
2175
11810
8524
5923
4943
5239
10940
111
1214
9888
8396
3657
11334
10291
2980
10291
4198
11798
5493
5384
5935
5962
3392
11334
4338
7433
8784
7536
2761
7211
7701
4522
8524
10308
6346
1241
6690
1243
11031
10298
6892
11200
3391
8063
996
1324
11533
1031
8796
4023
3950
8063
439
394
10038
7160
5601
1544
7154
1265
10486
6162
11716
4603
16
279
4486
7154
10775
11804
5187
7868
5340
3653
8989
2843
405
7868
6031
11144
696
4198
4906
137
7796
8184
1292
7868
2945
2394
10398
6399
2648
996
6894
8059
1570
208
7908
1241
5171
11417
11083
3036
10512
8865
6346
10308
3748
916
1510
3862
2800
806
4198
6690
1835
8391
1324
3391
11883
10587
1660
7071
9459
5431
5510
1333
405
6586
10052
1435
7536
1834
4611
2550
1342
8906
10407
6892
29
8611
2683
5191
5336
7211
2097
8178
1031
8921
4838
2349
5962
7285
11144
8212
2602
3036
4988
10308
11425
3315
313
9211
1435
3657
7823
1833
1265
6880
10837
5957
6609
13
3495
9873
10642
7007
6730
2490
5302
4828
29
7690
11313
11716
8807
1542
447
8796
1499
7685
4966
11842
4111
6535
10857
2175
1843
8610
9089
5684
7772
9923
7768
5336
6903
9888
10711
11577
3261
8807
7071
1461
3144
5908
4775
9089
2490
10099
8797
4844
4054
4815
2585
4611
1833
2324
1434
1435
8452
2206
4324
5377
8184
2773
8138
8611
11002
2712
8570
612
11313
2211
10584
1833
11467
7877
6178
7285
5987
1544
2761
8396
9873
1461
11102
5684
11838
11072
3637
4083
1570
3653
8336
6586
11156
10208
10587
6009
11883
5384
11686
111
3480
1499
1482
8184
1803
8784
1486
2408
7693
4575
5336
2602
916
6045
8906
2196
9459
1104
1852
1499
7107
8640
9259
10512
9173
6031
5431
2175
8391
5510
1510
10711
10356
9009
2761
3729
1324
6903
1518
1519
1333
696
10129
10339
5449
10639
1842
1527
9981
8040
7119
3862
5940
3733
6586
6609
429
2252
2490
8579
335
4349
1542
10291
1544
6456
7823
2198
11842
1544
10362
9224
1552
1980
6346
11339
405
8391
6505
8611
9387
4908
4121
11790
2097
11002
4121
6399
4852
7628
1570
3172
10675
1950
541
5210
6730
1802
1544
6508
8568
6535
4349
3315
7807
11194
4176
10129
8119
1842
11533
2408
4841
5962
1544
2097
7007
9592
5171
3733
4494
4111
5095
8710
1812
4522
91
11083
1812
1609
3895
2655
8524
1802
208
11838
9340
10129
2175
8989
11102
10398
4648
9435
1609
4943
3846
11194
11194
1544
11168
6346
4915
3950
11168
1241
8427
3239
9259
2800
9507
1482
10639
5957
4798
6730
1646
5696
1552
2655
6270
11313
5601
11728
10486
1655
1834
8178
10642
4527
1660
11904
3261
279
3495
7007
9089
8487
6782
7823
9844
4948
3136
11168
2211
7433
1542
1720
2137
6990
3172
1499
11716
1243
7693
9259
8611
8178
6399
3668
8284
4871
6519
8921
1694
11200
7664
994
2005
2076
8989
11334
3372
5301
614
873
9429
6822
9435
2843
4454
10168
9576
4142
5842
1655
8607
5210
3144
10339
1720
9435
7211
4374
2252
1950
11530
5336
4527
9888
8639
6690
10587
9476
4374
11842
11417
9596
5151
3476
11842
8990
11278
9201
3907
9286
1499
9009
10675
5987
4603
2490
1104
4915
1754
696
10398
8990
5935
11686
5239
4349
7664
9569
6196
10393
2324
3214
2388
1527
9981
3862
2909
6322
7628
1542
5377
3392
2683
439
8714
1243
4338
6270
5601
4039
1786
5131
4121
3907
7071
9046
10943
7875
9173
3600
9981
7135
5987
9811
1660
11341
1802
1803
405
5935
5191
1104
5431
4964
9046
208
1812
11533
3136
10699
4500
11577
4235
10953
5962
1609
4736
8607
5940
7701
1754
8640
4806
4838
11530
11002
7939
1833
1834
1835
7796
8714
8579
4454
335
69
1842
1843
3047
2708
5449
6894
5171
4611
11002
8194
1852
7556
10261
6609
4964
10339
1908
11144
9429
1214
4054
10943
8138
1950
4383
8237
4852
1869
7807
4121
3372
8710
4176
10099
4083
994
10261
11787
4221
11790
9229
3800
8769
2648
2535
4122
1660
1835
679
5301
2196
10362
8714
11861
10332
5962
11810
11200
3495
6099
8452
11425
11996
7939
2742
2705
1908
11996
5473
91
2349
1510
69
1694
3862
4806
9173
3846
4906
1812
3733
1660
1552
6143
8350
4061
11716
3706
4175
11339
4726
4775
10099
9592
5601
3495
6122
996
8921
11810
859
6901
5302
11861
2720
5911
6045
13
1950
1951
16
8568
429
5151
8906
9958
8063
8569
8954
5377
3239
3136
5957
13
3869
10946
4221
2349
11194
457
5619
10857
4414
996
1609
11127
6507
7477
1980
3869
3261
7119
3600
10038
11070
2720
1243
10711
9009
4137
4948
8954
1786
4966
2742
5935
2843
11396
10940
3766
8569
8724
1544
2005
2196
1499
2980
1802
541
807
4871
6607
2742
3706
4039
4294
4806
7007
916
5117
6270
2648
11163
8640
10099
7285
11530
11127
7637
3668
10740
8959
9340
8954
1812
6730
5940
11156
7071
2041
4091
1833
3766
1552
2800
5736
10486
7884
1243
11109
6154
11790
10711
2349
4054
11278
69
11804
2980
1834
7374
1482
1655
2065
10339
6508
6519
8714
6607
3842
4091
8579
6903
11339
2076
9888
1518
10675
5589
2602
208
498
1694
2394
9576
4988
7374
8524
3869
3733
6782
4815
5239
614
10099
2097
4338
11399
5210
10486
6031
2945
1609
7374
11632
5940
2535
4616
6558
7643
4418
4913
4522
1834
4948
10677
5187
5684
8714
9702
8255
8427
5210
6609
8607
2486
994
5187
519
11200
335
2761
5431
7772
6519
2137
3862
3907
1803
9211
5239
6399
2394
7365
1031
6196
3733
1609
8396
5589
1519
5381
6922
8569
8807
4716
5187
11894
10407
4414
4828
7701
1243
1519
1542
9183
6782
2761
11194
1544
4678
5210
4083
2175
7637
10940
8255
6507
6196
612
5473
1519
1461
4383
7556
1609
3480
5377
8237
8569
6162
2980
11810
10398
2196
8769
2198
7875
11838
2349
11002
11530
9811
7875
2206
9009
10261
2349
6822
2211
10587
8797
2214
4137
2655
6045
11313
4616
5117
11002
2097
7071
4238
9592
7868
7772
10584
4176
10261
10677
7764
951
7884
2881
137
4886
7229
4915
8350
10677
11708
5601
6270
3869
4886
5384
4349
1435
8959
10512
2252
6992
541
11894
457
1461
8948
8339
1544
519
2961
5957
208
1842
4815
4111
2708
2980
4373
1869
9917
4966
3315
2196
9340
1812
7877
7623
2773
11334
3653
1499
1754
405
9435
10740
10336
10587
7229
6154
5316
439
11109
10675
8935
1518
11716
1552
7211
4238
1482
5935
4913
3047
439
29
9594
5510
10840
111
5151
9435
11205
5239
3706
4943
8212
3144
5957
2408
9702
4121
2324
8796
6045
3107
11810
3047
5690
457
5316
29
3675
9046
8906
8710
10775
7877
9592
5431
9435
3681
7785
5302
7823
7975
4023
2349
2350
2843
2350
9201
4023
7637
9224
3458
614
1694
137
5095
9211
1510
9211
9596
3392
10675
1980
11194
5191
5384
8212
8807
6270
4176
1152
4798
405
2843
8610
541
7701
3155
16
410
4852
9888
2388
11124
4852
5377
636
5696
2394
7690
10940
6607
4775
1908
429
5095
4324
1609
11533
3436
6143
8063
2408
8948
10740
3047
3166
696
5940
5619
2909
7502
589
4828
2535
10038
1486
8935
11200
10943
3473
11744
4852
13
10639
5053
2490
1609
2041
9490
9555
4841
9201
11364
8212
5095
1214
9930
1214
11671
1435
7433
8570
313
10677
10840
7870
11001
2252
1499
1499
5239
4726
8959
11787
4111
10857
679
1518
10210
1482
9555
7160
4349
9468
3657
8524
2705
4716
5381
5336
11417
1843
5940
1486
5095
5053
8452
5301
7693
2486
679
9387
3675
2490
2211
3668
4418
3047
9981
11823
10208
8874
11842
8989
11109
10099
2761
4527
7785
10393
10038
9702
7823
111
1518
3136
6099
10946
4838
9930
9981
10775
8865
614
69
11417
5696
4943
4277
7875
7007
634
7904
9224
1786
7160
8336
8011
2535
3391
6266
7119
447
9183
9259
4915
589
6892
8194
636
4678
8251
5510
2550
4806
1660
6196
3748
5239
11072
410
7870
5381
11716
6346
9224
6162
2206
4913
4238
4948
1646
2909
4091
4716
11744
3036
11941
6894
4039
5987
405
6162
4603
8874
1842
8524
11810
2585
7768
8989
5210
394
11530
9476
11668
13
3239
4374
9429
4871
4913
1243
11941
11313
2602
8524
8083
8569
6535
9930
8452
2196
4844
8569
4121
4603
696
6178
4915
11639
10675
5151
4815
5601
3842
9811
4906
4122
10837
9490
9009
5957
1842
3166
9459
679
8396
1842
1518
431
6586
11396
3895
6266
9476
7701
5301
8138
10362
7013
2648
10775
4841
4418
9555
7071
806
2655
11708
9183
11668
7160
4500
951
1292
4494
3453
2550
10208
5381
6519
2761
1499
4852
7785
6903
11002
29
6730
5191
91
3172
4175
1544
11790
2683
8796
10943
8948
11200
3862
2712
8990
11341
3748
111
6607
10740
4838
11686
1527
2076
11364
5151
6582
614
5510
2705
9286
1292
2708
8989
10208
11109
2712
3840
2137
5340
2214
8339
8119
5589
2720
1527
4361
4908
3214
8874
4111
5125
4806
7628
2198
3476
1510
4061
5962
696
11341
11200
5908
4454
3800
7701
2742
1544
1031
4886
5696
5381
3840
11364
5210
7556
9596
8796
6122
10298
7908
3907
4175
2206
3136
2761
11996
8427
6154
10038
10740
2705
5510
2683
10356
6104
2961
2773
6196
3862
4091
8059
4886
9183
7502
4873
4251
3436
4023
2206
2655
10675
3729
1812
10298
69
7007
4083
11109
4736
4221
4294
5422
5940
2800
10677
4205
4948
10208
1570
5095
4616
10946
9592
8524
8769
10208
3752
10129
9811
7556
3391
4238
6901
5743
11002
1842
4373
11904
3172
8865
1834
4023
9089
1570
9930
1754
5422
1812
9811
9507
7013
11102
1609
8569
4648
11417
2843
10168
3653
10837
4603
696
6507
8744
3733
11396
7242
8906
1552
3950
4373
5336
1694
1646
11001
4253
11577
2708
10356
8640
2602
9429
8865
5431
6901
11109
6456
10052
5151
11838
11341
11668
4871
1333
2881
3840
2550
6853
6690
1243
4948
8935
4828
3239
2891
8921
8452
2005
2137
3733
3392
6880
3729
4039
7690
8906
4806
6519
6822
10775
634
10677
2909
2761
8948
10298
11716
11194
91
6586
4252
8138
4349
3895
7314
447
4886
410
2175
10336
11163
8769
67
614
6143
9958
8427
2705
5601
5923
3458
11168
405
11530
8948
9459
11883
8396
2945
429
9468
4648
137
9451
7875
9844
8178
4414
1058
3391
11458
4122
4852
6399
2961
8361
10332
4871
9387
4828
3950
916
1031
11744
8487
8178
7868
11636
11838
5131
11790
4137
9468
2980
8807
2005
7477
1833
3600
6528
5336
11417
11194
1544
9286
916
9009
11636
11341
11894
91
11842
10038
10208
9555
1292
8251
9923
6951
11577
3950
6171
9096
4418
7374
10332
8178
11838
11838
6992
4948
3261
9507
29
6009
2137
3752
8990
1951
7772
11083
11109
3862
4806
3211
4091
7772
7374
10587
3036
5696
7135
9844
5239
4575
4828
11823
3806
2211
7119
3047
3434
9229
5062
1842
10775
6951
2408
7772
9958
3846
11671
3706
11070
11941
6607
6892
2761
4418
4213
4083
996
3637
8194
9089
4906
5131
4726
11163
1031
8119
1802
2881
8119
410
10775
5935
11083
5151
5062
9888
3495
4913
8724
5696
10208
2486
1499
6586
1609
11838
10584
7502
5735
5684
1694
4906
10261
2211
5131
3107
6099
4637
806
994
8959
11194
2720
7690
5473
2198
4828
10038
3372
4815
4908
4091
7701
3895
9259
10711
11744
11668
10332
6690
1869
8874
7690
3766
3136
11334
1834
4221
11341
3675
3418
4142
3144
10675
6456
10291
6733
2742
4957
9888
8251
8212
11830
3155
996
9201
8524
8212
2720
9576
4205
10587
5302
3047
3166
10099
3392
7643
7875
3155
3172
541
6196
9229
6508
2097
5601
1243
9183
6535
8251
614
5431
3155
11607
10584
9429
10095
5336
5316
7785
9592
9592
11636
4054
9480
2761
3950
5336
1499
7637
7768
4252
8452
3476
11787
11127
2486
9046
3211
335
2350
3214
10129
3950
5449
394
806
4527
11996
2041
3223
1655
11639
4198
7433
2683
4616
9596
11458
636
2490
11124
4251
7870
8959
6607
3239
1544
1812
11577
7796
8570
4054
5696
410
11425
5431
2773
8610
8336
4815
3653
6508
8336
5151
4198
9224
9046
3261
7242
10362
10572
1214
7823
7433
4637
9229
10587
8524
3800
4338
1342
8607
3862
1510
9888
91
1950
394
4054
4221
541
5316
2705
1265
5239
11671
11168
11894
5911
11109
4414
10512
10021
7807
11458
5690
8807
10677
6782
7875
873
8178
8237
2490
7701
3418
11127
8990
11865
11804
7975
3315
6609
773
2211
9873
1570
5923
11194
7877
1499
8610
3453
6558
3211
11883
7211
9387
4374
9201
1803
5301
3950
8011
11425
1694
6519
4611
4637
6586
2800
6505
5911
773
7623
4575
4137
10675
3840
4121
6822
5589
11156
2773
6730
7628
7013
6399
6528
1552
4964
4915
11467
3766
8610
7785
6528
4235
3372
11109
11072
3036
9594
4500
4252
2550
10332
9592
4494
1812
5431
3418
4957
3495
8611
7160
2349
3391
3392
4205
1570
282
1482
5690
6519
10210
4637
8237
1519
7796
6903
1720
1660
2206
3869
873
7904
11804
5923
9592
2350
9917
5053
11728
3418
1542
6922
6733
8059
2648
1241
8255
4176
5935
3706
10711
4871
4726
11341
6782
3434
6519
3436
8989
7242
1342
7823
1486
1754
5696
9009
91
1542
636
8350
5117
4527
11842
447
3453
7904
8569
9702
3458
3458
1499
8610
11168
9592
10208
6586
16
5191
11341
6045
4252
11530
7628
137
3473
208
5962
3476
4023
10840
6558
3480
8784
2196
10398
4142
5923
6894
11883
5449
3047
1833
4176
5381
2961
9873
3495
4943
2252
8671
1434
634
4061
10740
9259
4122
3315
4361
10697
10362
6903
9429
9592
10332
6507
8138
3211
3653
8178
4111
208
1527
6505
9067
7877
9259
8611
6535
1908
8184
10038
16
3675
541
7374
3214
10052
7693
10021
5377
11425
9596
11823
5131
7013
6903
1834
3842
8610
9923
8083
5923
8059
7211
5690
2773
1812
10393
7007
6894
8639
6507
11072
7908
11577
3950
10125
11194
8959
3223
6045
4871
4221
11339
8671
11716
11804
4235
69
2550
10099
11904
9490
4418
11607
3748
6560
3637
6374
11686
2891
2388
2909
7242
6399
4736
4736
1324
679
9229
5131
3600
4726
5062
11636
10168
5171
1754
6733
4235
7285
8396
9009
1058
6690
1333
7877
1527
9569
6558
11607
10210
7772
1694
1660
9594
5191
7823
4383
4806
5735
4121
264
8989
9211
2881
4061
5935
3637
7502
7229
4964
1694
6733
10038
7690
11708
9166
7701
8063
447
5601
4915
3846
3653
11790
8935
3391
3657
7477
3261
4852
10398
10775
7211
2683
5684
457
10021
3668
9429
5940
2961
2648
4361
2800
3675
6507
11458
11996
916
4716
3681
6143
4253
11124
1333
4251
6143
5301
4205
7875
7908
8906
2175
9592
5151
5384
8336
9555
6266
3436
3653
9958
6528
208
2602
3706
8865
1842
2761
3733
8178
6270
8138
7013
5340
3895
2196
11144
696
11708
5743
8990
5589
3637
5908
3752
11607
1342
3729
11341
4841
2712
3733
4238
9067
11823
4871
9009
4648
1802
11396
7785
5302
6782
11001
11894
4908
3748
7768
6045
4023
3752
4871
7877
10407
10129
3907
7904
3315
6009
7285
4454
4252
2065
1241
3766
10857
9917
6099
11639
7314
10943
614
4253
9480
6456
8178
3172
5696
9429
6154
11607
8237
7433
4873
6733
5239
11072
2252
7875
4527
91
8989
10840
10332
2708
11194
636
8059
3800
4844
4828
10642
11830
11070
3806
7877
4238
3842
6730
11072
1342
1241
1802
7365
5336
5302
3495
6104
10308
6171
8284
10261
7013
7870
1834
4522
4122
5336
2137
3166
2648
8611
5239
10021
1342
11533
5381
3136
3840
9507
3842
11339
8990
5131
3846
4906
5131
8391
3842
4176
7556
9173
6456
69
8769
8874
11124
4913
2909
4943
3862
8989
9702
3392
8921
9429
7768
3869
8948
2394
4061
7690
11156
9009
9888
7870
1544
7785
3047
6535
1570
5957
9340
9211
8570
11163
9490
8350
11686
7796
807
1869
3261
3895
10038
10168
4023
11533
5962
3869
1786
5935
4943
7007
4142
3907
429
1333
3136
6733
7433
4678
11830
4294
10095
1243
7107
10675
11941
3239
1031
8059
1434
11156
10308
5422
11636
11194
1461
8807
4494
8570
4349
11632
3211
6535
2843
9811
11941
5935
3144
3950
4852
6346
4527
447
2800
2097
3950
636
996
4383
9046
1461
2843
8255
9211
2252
11334
11842
10407
636
4648
7211
9981
10572
6582
2881
951
7071
4205
9569
410
8948
4083
1333
6903
3840
3047
7160
2005
11904
11716
4414
10129
2065
5493
4637
9173
1499
91
3495
5684
5301
1833
4349
5510
7154
1435
5987
7975
3239
10398
11533
2214
7785
6558
8184
1435
614
5473
4838
394
10837
8119
6456
2800
3239
7119
9459
4383
4023
11607
11671
2891
5473
11341
8906
4726
6951
9930
8336
7007
10021
11787
137
7768
4039
10129
3600
2350
4966
8610
6162
11194
5239
1499
5510
29
3806
11083
6099
4054
3653
11577
1214
6399
10407
2394
4061
4611
1342
4522
11533
8797
7904
8796
6733
2137
4277
6122
11102
11001
11904
8570
11334
4871
5493
6901
9844
4648
4083
7796
2761
1570
1527
10407
4871
10697
4091
2961
8391
11636
1058
1333
11278
4616
10356
10675
9166
3752
10332
11399
3155
11417
3657
4361
3261
3862
4111
2394
11031
11716
11708
5381
1342
9888
1461
5696
4121
4122
4886
9811
1527
2655
9183
4838
7556
6322
1802
264
11341
4361
6690
9340
4137
10038
3668
2041
8796
4142
10486
8452
5336
11883
10572
4678
4494
11341
9592
6171
9340
8062
8255
8948
8361
4361
6196
4943
2550
2486
4964
3862
1544
9873
2712
2408
2214
1980
8284
8990
8212
8611
4175
4176
5239
10740
3657
9592
614
6730
4852
4494
6582
7772
8138
3495
8639
10946
916
5911
11278
4418
10308
6508
9459
4198
7875
11810
8119
8568
9067
1694
4205
10587
8237
2394
10512
335
7772
4500
4213
11671
8350
2648
6560
7314
7939
7119
4221
9844
2214
8194
4815
4871
9884
2196
11686
6456
91
9387
3862
1241
4235
11533
1835
4238
7477
10339
5735
10697
2005
10572
4716
3136
410
1333
10168
6880
4251
4252
4253
8579
8063
1544
4121
6196
5619
2214
7071
8212
4611
10711
5957
8906
11728
5384
2961
2648
8569
2211
5422
3480
614
7365
4277
873
7623
4806
9468
1542
7477
11163
3657
3748
1950
7807
4527
7870
4828
6880
10857
4294
3036
2408
279
3214
4121
6990
11339
4603
9594
1694
7939
5117
10837
1660
9873
11636
5684
6099
11163
5957
279
3752
11607
11278
447
10021
6992
1552
9507
4324
11798
6270
7556
2708
9480
7877
634
1333
6045
4828
10308
3239
208
4338
11671
2076
431
3372
4966
5422
10697
6990
4122
1265
4349
11124
2535
6099
9387
4083
10486
7211
1499
9183
11278
9468
4361
11830
3372
4841
7768
2980
10943
6104
541
4798
282
3480
4373
4374
7477
7764
4121
1031
4137
3315
6171
8284
4383
10261
11156
6903
3436
7693
4294
6270
11865
5736
4886
11467
4418
6535
2349
9459
10356
3495
3800
4111
1803
2214
11163
9459
10639
1843
1694
10943
9594
7768
11883
4414
3668
6922
4439
4418
9046
8350
3436
11109
4838
4176
2550
5210
8724
1980
6322
9067
3752
1486
3869
10291
5962
5125
806
10261
4439
8807
1950
7785
4841
5696
4908
1435
11163
10308
2137
10711
11127
2252
8040
4454
636
11334
8610
6990
9211
10584
4418
7119
1265
2602
5053
10356
8744
2005
2490
3729
2550
11668
5940
9884
6607
1812
7628
29
1461
7623
6007
3315
4775
7693
4175
4486
4637
6903
10393
5336
1324
6508
7796
4494
7556
3675
3729
2137
3600
4500
4988
10339
4873
4349
8671
3036
8569
5210
9958
5062
4361
9592
1951
4175
10711
1499
7701
279
2705
8119
6558
4522
7693
4964
5935
8059
4527
1843
208
1951
3729
7768
7664
10697
3155
69
996
2683
2394
5962
8178
9884
2324
6586
1720
3476
4957
10943
2408
6586
4414
5191
7160
5736
2585
9468
9435
4873
8569
2980
2211
11458
1835
806
7285
10393
8361
7904
2773
410
3392
9981
3372
9173
4575
11865
3637
2324
4023
1980
11083
1812
13
5095
2655
1803
3473
10021
8865
9201
859
3166
7884
457
4454
4294
8000
7884
8948
2843
6171
614
4603
3136
6322
7007
1544
6171
1031
6901
4611
7785
2720
8184
9429
4616
10677
4957
2891
8959
2065
9476
5191
2720
1461
5908
7908
2761
9844
11904
8948
11996
7690
2761
8796
1803
4637
6992
5131
1843
3733
3706
3434
2705
4198
498
11102
4648
6507
4454
7365
1754
9451
11031
7307
2720
2211
5940
10125
2720
10393
3166
3653
4176
2720
8251
11861
429
807
279
2065
3047
1499
4349
4913
7701
3869
4678
1951
10261
7285
1802
3480
4175
6951
4637
4061
1694
3869
10572
6045
6880
3136
11838
1803
7664
5449
3107
2490
7772
4198
10639
4871
5987
7007
7307
9923
4221
7536
1754
8611
1843
2648
4844
6154
4716
6822
10038
4906
4500
5735
4575
11001
4964
9451
4726
6992
6007
6822
9229
7768
9592
2891
7768
10642
4736
11144
2843
7623
3600
2097
1510
10572
4238
1812
11313
8178
9211
9229
3214
916
6045
1499
3418
11668
696
10587
282
9429
11467
9259
8000
5422
3752
11708
5422
7807
4205
1214
1542
8427
11339
10584
1292
4775
2881
8797
10840
3729
2350
3729
6582
6456
7374
8336
3733
4841
5239
1842
6346
5239
11396
2349
2800
4716
7868
4678
4798
9702
4238
2961
10208
5510
6822
10356
4806
313
11533
4906
6322
4486
9844
10291
11399
4815
5743
6733
636
10308
7807
6519
111
4806
10840
6992
3047
10675
4828
7868
10099
7785
2214
10356
10298
3107
5449
951
4838
1950
11002
4841
7796
4418
4844
11636
1482
7908
10398
7823
6892
7013
4852
8396
6880
8959
5510
11144
612
7119
11168
4252
3458
11865
4251
5601
4915
7536
6903
10168
6099
4871
9183
4873
4205
5736
4083
1869
11070
10940
3166
8237
5210
4361
5449
4494
4886
7764
3895
7160
5690
4221
1834
1786
7556
3261
6880
5842
5696
11109
2349
1694
7643
8807
10639
7477
4906
6690
4908
4198
1843
11364
1803
4913
2945
4915
7242
429
10642
7701
7556
313
3862
5095
2550
6992
4841
11842
9888
5171
1694
8284
6894
10210
10943
6322
11636
8237
11313
439
10642
10021
2211
4943
10699
11163
7664
8237
4948
10095
2843
3211
4142
8724
7285
11533
1510
4957
5449
7365
11072
9201
4252
3668
4964
2881
4966
4251
11671
9569
10946
8865
5381
8959
10677
3372
6992
7160
1835
6270
16
2980
5422
4253
8336
4083
3653
7013
4988
6099
2065
3729
7536
10298
4235
8336
7314
10642
1031
9451
335
7556
111
7643
8935
11716
4726
3950
5125
2712
10943
10298
8569
1802
4616
3950
7685
9923
994
11156
10675
6178
9555
6122
8948
6507
9592
7693
3869
8874
5510
8524
10642
4111
916
3806
2408
3480
1812
8948
3136
5422
2076
5842
3653
6009
11639
6535
7908
11838
4235
4054
541
5053
1214
9387
6508
2742
2945
5962
2196
5239
5062
8671
6178
1324
3458
5301
5431
5151
9201
7154
10125
5187
5493
6171
11194
4957
2394
1869
2137
8874
5384
1980
6990
10038
4091
9592
9451
9259
6009
137
11639
11883
3840
5095
1435
6171
3729
10168
8990
6951
10052
5962
1694
1834
4054
11070
6609
4122
2945
4205
4198
9387
8178
279
11632
5117
10699
6270
6045
11156
6607
10486
2705
5125
11072
11417
6992
2843
6270
5131
11530
3657
3840
8212
4798
8796
4061
10291
6586
8714
11533
10308
6880
8339
5908
2742
1694
10677
6031
5151
10208
3706
3261
447
4966
5911
541
807
634
9340
8570
4039
7772
7785
2350
4486
11894
7764
4648
5171
1655
2708
2206
10208
3653
3729
2196
11838
996
8011
11865
636
8671
11031
5735
5187
8948
4175
10775
5191
11810
4637
6528
8640
8954
5935
10208
11083
3144
410
4873
8336
6690
8237
11127
9576
10291
1803
5210
10711
4906
7870
9702
3495
2550
6733
4838
4221
410
5743
2206
7623
11708
313
1694
5940
9459
3862
394
498
1527
9873
9702
1950
10125
4111
9224
5239
11458
498
4838
279
5493
2214
8948
2773
6171
8237
10210
8452
3869
29
3800
1519
11341
1980
8138
6399
2076
7433
4454
4111
10512
636
2252
6045
2800
3752
4775
7285
11861
9183
9259
8336
5301
8138
4122
5431
8784
6519
6690
3950
10168
7796
1843
5187
69
5301
11607
8610
111
9046
6143
3950
2720
1950
9340
7690
10677
5301
5302
8391
8671
3675
1834
3950
9811
5301
10339
5696
11002
773
9451
5131
5316
8714
679
4251
8391
9183
9844
8710
11941
1333
2683
9555
1499
4253
2388
2712
6558
11001
3144
4251
5336
1333
9259
7768
5340
10168
3752
4841
9435
7013
8579
10943
91
5384
9459
5431
1542
7307
1542
9089
5125
2490
7693
11708
9183
4061
3476
8062
4852
4844
1786
2490
111
9201
7875
4603
1694
7807
4988
6607
11639
5377
5384
4122
8579
5381
4815
4023
5384
3637
3907
8568
7807
4454
6519
4418
11072
7685
1842
7870
10129
7868
8639
11686
4575
9576
3372
3752
9046
3392
4841
8710
9340
11425
6519
11467
4061
7502
4943
6535
7908
10261
7701
2843
9873
1243
5422
10052
589
3211
10587
5302
5743
5696
1552
5431
11865
2198
4486
7556
2800
4726
3391
2211
5696
7768
9873
3391
3895
6990
4726
4418
4111
5449
5384
4648
10038
6822
11313
2705
282
4252
5187
3211
3392
11156
4111
5340
264
9594
1834
4061
6535
8336
11205
4616
9576
5473
8796
4324
10675
5336
10298
11163
3372
10210
16
1609
5187
3211
1552
7870
3668
4251
10339
9702
7796
5493
447
2211
11607
2394
10208
614
10362
8874
11194
6992
3842
11842
5431
5171
7877
6822
5510
11194
7768
8336
5514
8251
1499
4221
4277
11838
6122
7875
11686
6045
11861
9429
7628
11102
2175
4091
9183
4349
3657
4838
1694
10940
5842
313
4251
11458
2214
10298
4806
1609
6582
1333
4205
11341
6609
4964
10129
6730
4338
9811
4616
11341
3840
9009
1214
3668
6122
9046
4349
8237
636
10038
9873
4736
7556
10291
6535
2324
1542
8063
11031
4221
7007
3733
2712
6992
10675
7477
1510
3144
7904
589
8568
2214
4277
5589
8784
5736
4137
10642
4454
9009
2648
4294
11083
9009
1518
5601
5187
10336
8611
3480
4852
8251
1834
10210
8607
4988
6582
2945
5935
8184
7374
4886
6586
5619
6951
7701
6399
8769
4611
8138
10052
3476
11716
4486
4500
5473
11708
8710
4252
9569
9480
11798
8255
1152
7807
10940
9009
5125
8083
2388
1646
859
2720
1544
457
2683
10099
4486
4454
4500
2408
6266
264
10677
3706
10336
11194
7785
4494
10291
5340
7823
10697
4361
11425
6901
6582
1950
5053
9930
4221
3436
1694
4726
4648
11686
8138
3136
5684
10587
11109
4061
6853
9166
5690
3144
1655
11339
4253
11728
5696
1333
3653
7628
8255
9435
10261
8361
11341
3806
1241
6346
11830
7768
11533
3907
9930
8339
4527
1544
2712
1754
1544
10339
2585
279
3950
3155
8948
3729
10021
7685
541
1241
10210
5117
8251
2252
11168
5735
5736
10946
2535
1243
3223
4886
8796
5743
10038
2891
8452
4122
8948
7637
4324
498
1499
13
3239
7556
1499
11883
5431
2648
11458
4964
9476
4871
1333
11894
2602
3840
1655
8255
4137
4648
6690
9211
1950
8487
2708
8212
7701
6528
11671
8570
11823
9009
7242
7285
9340
3372
4575
2486
10308
5187
10642
8954
4494
8350
9844
10021
11533
4637
8948
4726
8640
9451
8396
10095
2602
5053
5736
7772
4611
6560
6558
8948
3136
4603
5117
7536
1655
8569
9201
994
519
3869
10639
9958
1519
8935
11070
3657
10356
9201
9480
6607
7071
5510
3107
7807
11102
6894
11842
6903
5842
10362
1499
5187
9555
4575
8714
4575
8138
11313
2945
8040
2720
4253
4648
6266
5239
10677
11396
2800
4486
3473
11865
2214
10356
7796
5735
5239
11417
10339
4252
7007
3675
7690
4871
5735
8990
4906
4486
6822
1570
4277
634
264
4198
5514
11072
1542
4122
10356
4575
8350
2408
4349
4815
4871
10099
11861
6374
6853
7772
2065
2773
11001
3453
3653
5908
10210
11996
5911
6505
8610
4500
5911
10584
3668
69
4966
4418
10099
6609
5923
1542
11313
6270
8611
9873
2486
8062
2720
2773
3729
457
5935
2005
2005
7768
8255
5940
11632
8063
1694
439
439
10407
4198
679
1544
10740
9435
5210
7242
9592
8639
4091
5957
4205
636
335
4175
5962
4238
5601
11364
4374
11798
8610
9576
8040
7764
6607
3261
5911
1527
9884
636
10038
1552
9429
4943
7772
6171
8212
9576
4349
5987
4252
3842
4235
7229
9592
4841
11636
7823
6901
4176
2206
6196
3729
10675
4775
5684
1835
10675
9555
6007
9981
6009
9476
7870
7135
9166
8138
7119
11109
1265
11072
11109
8639
6171
11744
4205
5151
3261
4122
29
4616
10398
10291
6031
996
873
11364
11002
11790
6505
6733
1482
1951
3869
4815
4611
4486
6045
137
8769
4324
3842
4500
3036
8427
3155
4616
7007
2909
9507
4374
916
5493
11744
2648
6266
2137
3733
8396
3681
3862
3668
6733
1510
7904
1544
9884
9166
8611
994
8610
5510
6505
1834
7637
4806
5736
2761
208
9211
4616
1834
10587
994
3862
8569
1834
11031
11002
8237
7690
6099
11168
7628
5095
8138
6104
11001
11686
7904
405
11744
6922
3392
996
2206
4324
5095
7685
3495
1243
10021
6099
3869
6122
614
6992
3211
7374
8671
9429
10486
3315
3869
11334
10038
7785
8796
5962
4175
1542
11002
5743
1434
9981
6143
1486
8396
2486
2350
7877
679
4948
1510
3458
1333
6154
4871
11636
1510
3706
9183
4324
7154
6162
9435
4603
4915
4361
3895
3862
2909
2211
6171
11278
4886
335
11364
335
1655
6178
10308
5053
11632
6143
9576
10208
6505
10336
13
2097
3657
3166
6007
1803
7939
2683
2891
6196
11109
1812
5940
5449
10587
9888
6346
7628
4841
5684
10584
9211
6009
3846
4111
8710
10486
11530
5589
11339
9211
2843
3392
7685
3372
7154
6346
1803
8336
1461
3800
4023
6508
7685
6196
8011
11941
1544
3766
4251
7875
3706
11194
4277
10208
9930
9387
11577
9930
4844
6519
4142
6045
7877
8194
5431
8452
8194
1754
1486
5117
10038
6730
5302
8989
8138
1542
3800
4873
6266
7119
8569
4198
6270
8948
7807
8427
1950
4637
11728
2394
2388
4338
2980
8807
11716
4726
5911
10210
10099
4852
4213
6045
3950
6507
8807
10675
4454
4176
5736
3392
8959
5422
9594
8255
2705
3668
11671
4039
1812
4374
6456
3729
5117
1510
7160
8452
4054
11417
10308
10642
8639
4137
11838
4361
6322
3806
2206
11883
11671
2648
10740
9211
313
7768
11636
8063
2065
11996
4238
6922
7502
6733
4828
2486
3480
6519
2097
10261
6346
4957
7877
5601
6104
807
5431
9201
6162
4252
9702
2041
5422
7536
6733
10398
6535
11467
7119
7135
4338
7768
2137
806
7007
7685
4906
3418
6374
10486
5187
410
6508
6535
5095
10398
5151
7536
1660
8607
7229
11804
8959
9702
2602
5908
7135
11396
10339
10362
7685
4988
9451
6399
3600
3458
3869
1552
11399
9480
2198
9480
5449
10038
9981
3862
1324
7904
6607
3372
2349
6560
2705
10362
806
11127
498
8062
5095
7007
11168
4338
7556
11894
11632
7908
7154
9340
4494
10339
6122
1609
6730
859
8724
8212
7823
1241
4648
11883
6880
8865
10642
6992
5911
1104
10675
1435
3453
8000
6456
11823
2349
8178
4913
2196
11194
1510
11200
439
4251
2490
9096
11425
11396
4726
10675
11577
2773
2980
9596
4844
2137
2742
4349
69
3261
11865
4915
7877
9468
431
10021
4806
8237
1152
6399
3047
9387
5449
5962
3748
8579
1660
6894
10642
4906
9811
8184
6505
4957
6507
6508
612
6099
9958
8948
8361
10398
11861
541
6880
2843
6519
3223
5908
11842
2720
4736
4838
5210
6922
6528
5381
3036
11823
5473
10840
3668
6535
5743
2065
1435
7823
807
4500
10711
4943
8906
3047
8391
7160
5935
5187
5377
5239
447
8570
11810
3840
4575
11632
6558
4815
6560
8336
4616
3495
6045
7690
2041
6007
5957
4142
7556
7884
4873
7556
11787
1265
10291
4439
8990
3239
3842
11636
6582
1570
11425
4966
6586
2206
614
2206
3600
10298
10095
7160
11109
9476
8178
1655
7690
11639
6104
4494
8744
4798
7071
773
3391
6607
447
6609
5987
5735
5957
7664
10308
3392
6456
7007
696
264
4176
1843
7807
4111
4873
8452
1951
3239
1214
10711
1265
3476
3476
4091
11636
4137
8178
4775
6528
4716
6901
3800
8011
9224
9888
8710
8184
10168
5210
3706
10021
3214
8865
1950
4648
9888
3315
6007
7643
2891
5117
7807
8607
4221
5962
8959
7685
457
9811
335
6730
4726
7135
5340
10677
4175
91
9594
8339
2252
6162
394
2350
8807
67
2708
4235
10584
1519
5684
6690
5095
9224
8784
6903
7314
7119
4806
11904
5151
4252
1243
5302
4238
3436
11364
5210
2350
10208
7643
6609
11124
8336
5589
11313
3166
2137
2137
11996
10052
8350
10208
11708
7013
5601
4349
2980
1802
4252
7785
6730
4252
3211
6733
5911
3392
6992
4324
1802
10308
1834
6171
8640
5336
2961
1842
10775
2065
11334
2742
2137
1950
11168
6143
5735
11070
4175
4798
6903
2041
10584
8569
9340
7685
7875
1869
3214
6122
3453
2742
91
6162
2843
3391
9046
9592
3155
9490
9576
1214
3473
111
6782
11668
4886
11083
8807
11102
11804
5431
11941
4575
7823
5842
457
3261
8427
8059
3752
4349
3047
2198
11577
4121
11334
3239
11127
6558
9930
2961
4198
3766
2211
4373
11425
1803
2843
405
5684
6903
807
3261
6822
5601
11810
5210
3895
313
9592
10021
3372
11072
10208
9286
6374
9067
2137
11156
9811
5191
1570
4838
11339
10699
4251
5381
7013
2761
10298
9480
4841
7071
6508
6853
6508
9451
3107
9592
9981
1544
8807
7772
394
1527
4828
9811
5493
4806
4418
11144
3675
8935
1655
6346
11823
696
4253
7807
9873
9490
6880
1833
8796
10946
4915
2720
11639
6690
11200
3107
7685
10261
6892
8610
6894
9166
11671
5962
10168
279
3239
6901
9569
6903
5422
1243
7884
5589
1951
410
6560
4414
4213
7664
4252
634
8396
8906
4383
3637
994
10210
6922
4841
589
2206
916
7556
6586
4575
11278
8524
7365
6519
11668
3473
11530
4294
10298
1544
6031
10572
8948
8906
5962
9387
4061
2742
2648
9917
10837
6951
4852
3800
9046
6507
9387
4083
498
3733
10308
4852
5736
8251
5187
8990
5316
8807
137
4198
8063
7556
7877
5962
11083
10840
11941
4871
1835
10677
1834
4678
2535
1499
11070
5962
10125
13
8906
4083
6990
11668
6992
5062
208
5736
7502
10642
4121
8063
7007
10168
10677
996
2486
4418
10210
7007
7119
8948
10208
10210
313
7013
7623
6346
5684
10398
11904
1570
4522
1435
11790
5908
8452
6143
9201
10486
6894
4575
11001
8350
6607
873
5493
2350
4122
439
5210
1802
1434
9286
4966
4361
2961
1833
91
10675
7628
9569
1843
4943
4083
6143
4957
4915
11127
4142
10677
8744
2602
6733
11334
612
4841
8452
9067
9429
7807
2881
8714
7071
8989
11530
8350
7365
2708
6322
7939
6270
10642
6535
9811
10291
7772
5911
2742
6558
8607
10291
10407
2705
6456
4083
10857
7796
3047
10486
3223
7307
8000
11894
916
4943
5493
10486
10261
7107
4373
4142
10775
9702
3391
8990
282
1243
10940
3668
6505
7119
3862
6519
4054
8874
4838
4253
2394
9459
1655
10210
11102
3806
2800
11168
5095
7135
2065
3862
3315
859
10125
10125
2137
9435
4637
11109
10038
4964
873
3733
4906
9096
10572
498
7154
11607
10095
8797
8874
9873
7160
6609
6535
1527
91
8769
3144
8710
2945
7502
2137
8350
4806
3315
5908
5053
5962
4338
9811
9594
10208
2005
5336
8874
2350
1461
3473
7875
5957
8639
10675
3315
634
1660
10339
916
9067
11334
9183
3453
4061
11823
11070
1609
10840
2708
11823
7785
8990
11790
5422
7211
4142
8396
10261
9888
951
4871
636
11467
11156
10210
3476
10943
11671
4988
9702
3869
4338
7229
8724
3372
6508
9884
4500
7229
11671
8059
4678
873
4775
1720
7242
3706
7785
7229
8391
7785
3752
6822
1950
1951
429
7768
8640
4964
10168
8921
1333
1434
4142
5923
7365
10407
10125
2097
3800
6586
10168
11996
282
29
10587
6519
4964
6322
8671
9166
5095
11894
11716
2602
7211
4121
8452
7285
1499
5957
1544
8083
5696
5431
10393
4137
4176
5690
8062
6535
11200
11083
5171
519
2585
11830
4083
410
6782
7307
7764
2980
2891
4374
7877
11205
7314
4603
10584
1499
10940
3895
11668
7796
6399
3950
1510
8607
11002
8906
5431
8579
5987
1812
3458
2214
8906
431
5957
5589
11798
2980
1694
11339
10675
7637
11144
69
7211
5381
2137
3436
6880
10587
11632
8119
3862
9459
10943
2065
2324
5384
10857
11072
3733
634
279
7365
7119
11865
91
11205
10021
9811
7365
4361
7374
10940
7764
5696
10129
7160
4871
11861
8251
7685
4522
10398
11072
8063
1342
11787
8059
1292
2980
3869
3473
7785
9930
3166
8178
2909
3653
10940
9259
6266
6586
9888
3766
9224
1842
4957
5422
7119
3733
8391
8569
1527
10168
69
8769
7556
3895
10291
11072
8921
5187
1435
9490
9201
5743
5151
11744
5510
6508
7433
11671
10512
10587
8083
10038
394
5239
6178
7643
2349
11577
2065
3733
3950
1342
4083
3239
1833
4575
7772
6892
9229
4736
5935
7785
7314
2490
8640
1544
3668
7807
2005
8948
9480
6901
9459
10208
4522
6045
6609
313
8796
7536
7477
11001
3136
7211
5171
11716
9888
394
11102
7135
9507
5601
6399
11168
8948
10308
6196
7135
447
5908
10332
2198
7628
7242
3840
7502
9201
1292
10775
2648
3766
806
7690
5062
3453
10946
4906
3144
10486
6154
313
9873
4716
6853
7772
6143
11339
10021
11417
8906
2961
8874
6892
11636
69
3806
9917
6178
4349
7536
4798
5619
4221
9183
4852
6903
9096
7160
1660
9468
636
4454
2720
8640
1243
9387
3895
4176
6730
7556
8138
8865
1333
3372
394
10210
3733
8350
11124
7764
3036
9224
10837
994
7013
1333
519
8796
10642
8524
5589
11313
11798
6519
10099
10298
431
1527
10393
10129
3418
5171
9888
11425
8611
9811
8906
4083
11194
9702
6508
10129
11577
5316
9435
2175
3766
3495
8427
3047
6196
8396
9958
3480
6607
405
3136
6880
7884
4838
7690
1519
994
3748
9046
2490
7623
9873
4726
2211
4454
7628
10393
7664
5340
4852
4252
9930
4061
8391
7637
4251
6099
541
7768
11894
7643
8427
11716
6782
8059
2350
8989
9009
10261
9009
1802
7013
4841
313
806
8784
5336
3729
9201
7628
7628
7664
7868
7764
4238
2065
1803
7556
2324
5302
7785
7884
4726
11127
11425
4948
8568
7628
3047
8797
4886
11636
7685
1058
457
137
11458
7690
7870
4815
7693
3418
6122
11530
10587
7007
3495
6609
7701
10356
9923
3261
7365
10837
10837
11636
9459
91
2881
4575
10775
6607
9981
6892
4373
9888
2945
6346
4575
11668
3657
11313
8639
10837
9596
5940
8724
2175
4798
6519
9067
6196
9923
807
2350
8336
4873
6266
11417
3458
3480
5962
8671
1499
10356
636
1980
9569
8710
11334
2891
7643
8487
2349
10512
5940
6178
11124
9490
2945
5384
7764
4023
5923
4142
7768
11339
2214
6535
7772
11865
2175
2065
4775
6853
4383
4061
7211
9923
3223
7628
7637
7785
7628
2408
4277
996
8524
1527
11002
1803
3458
9844
7796
11830
1324
7823
3239
4494
1031
10208
1908
7365
2408
7807
9286
6031
6951
1031
7959
6508
8452
4648
1834
8184
1869
1241
2648
2349
8714
7823
279
4486
8062
11671
2175
4383
10336
9224
6535
11083
7807
7502
6782
2350
5962
11894
8607
4915
4648
9435
4439
4137
9166
3800
6992
6782
634
8935
8671
9981
7285
4648
10943
5940
9224
7556
10711
1265
7868
11168
1435
11168
612
11083
7868
2843
7870
1031
7685
4908
7314
7875
8710
7877
6505
679
2843
10677
11716
9958
7884
4841
9259
2980
10356
9923
7242
4091
10298
6903
6922
11109
8361
11804
4418
4716
3372
7007
8921
4908
7904
3862
11883
1461
7908
8570
4486
11883
2945
9576
9884
6992
4213
9555
2708
9451
1544
6535
1265
10940
6528
4494
11639
7135
8579
1835
5187
2490
6730
5935
11530
2720
91
8639
1803
7939
6399
9096
4414
5171
4213
6519
13
8119
3752
3144
10775
5301
4852
2961
2388
1869
5449
29
3846
7959
8935
4500
8524
5239
1950
11083
4454
5962
11865
3392
4575
3166
5510
8361
9576
7975
6266
4841
2076
4841
7870
7975
11417
7875
3261
1609
3047
3214
4294
9229
3862
9009
11072
7285
9211
8769
8990
2881
4616
6880
8000
4873
1342
4522
10587
3136
7685
994
2137
4948
5191
8011
8607
11716
3036
7536
8063
1646
7433
3729
8178
6922
6031
5601
3950
1324
9340
11417
8059
6007
4175
3372
10512
8954
5125
7875
3729
1518
4349
7877
8040
8361
3239
4873
11278
10038
4122
3107
6196
7877
5187
5736
5191
8959
8336
9873
4486
1570
11941
8059
8059
8212
8062
8063
9429
7007
4798
6196
9476
2041
4852
208
3869
11002
6143
8361
2196
7013
9888
9702
4294
7285
8607
8083
7556
11194
8040
3840
10837
1544
11070
5735
5062
7285
3473
6903
10356
4775
8178
3681
6519
9435
11894
3166
6196
1324
5239
6951
8391
2909
3748
4122
2683
696
4349
7119
4142
4611
3047
8119
1324
8138
8874
10095
8610
7664
11668
11364
1333
1786
4198
11842
1544
5336
11668
11790
8948
8062
8138
2602
994
4251
4500
6519
2349
13
7007
7875
10210
6507
9046
5239
3657
2708
4251
4886
8921
3752
3733
4221
5151
614
634
5095
10675
10208
6508
4061
4906
6031
7154
335
4806
10336
5449
4815
410
1333
8178
8011
773
3862
4948
996
8184
4616
10210
10261
11399
4213
7693
7768
7939
2097
8194
11577
2005
3668
8640
4648
11168
7823
8350
6901
11639
9067
1527
9594
11639
1552
3480
5171
8212
4841
3842
5736
6892
3476
2742
7785
11396
6505
4251
6558
7690
9594
4091
6535
8350
8744
6508
9224
9873
2980
11163
4913
1852
8237
11031
3166
10298
5191
9224
6560
8906
410
4736
6560
4142
3869
6586
8251
8427
11002
3392
8255
10407
10572
5923
9183
11334
4736
7536
6507
1031
1031
10398
4500
7823
2076
4500
8579
5131
8194
8011
2211
3458
4716
4873
7007
7875
7071
4137
11894
8284
2881
6007
7160
69
4611
4137
7628
8954
773
11109
11838
5957
4838
10208
4277
5210
11396
8452
5151
8607
634
1803
1342
10393
8611
7623
5684
10291
7701
2648
6178
10038
1542
5117
1486
4871
11842
4815
9009
10021
4338
4616
3800
6535
5736
9468
7772
2980
1694
3752
3600
8336
4575
2214
8339
10129
5696
11425
9811
8251
7768
6992
9923
8990
4175
8350
9555
3846
6519
7628
5377
7884
405
10946
4373
11941
8361
916
4418
4871
8339
4111
7690
11425
3733
5239
8350
4806
431
8178
282
5384
313
4122
2349
6456
1694
4111
3214
4142
2252
9211
2980
6104
6045
9811
8391
9468
11790
1031
5117
8396
9596
8796
3748
3047
4238
8769
8062
10298
996
5431
1482
5940
4886
7870
9884
4964
10208
5601
1435
3047
4205
8724
2211
282
11883
6733
3107
5171
8989
696
8427
7013
10943
431
3261
1803
2683
6528
7556
3668
11577
10356
4054
5743
7868
8391
4338
2585
6894
4716
2137
3842
5619
3480
11194
8452
589
11417
4726
5151
11194
4988
951
8744
4142
7796
2137
3047
11861
4294
2137
1243
7307
9490
2196
91
3047
4083
8251
5940
1786
6922
4841
10512
8607
4235
7870
9844
4841
8040
8487
10642
10308
11632
9569
9089
5384
9340
9166
11533
6399
5151
11865
6558
11941
439
8797
3392
873
9201
3840
4966
6045
13
7007
11894
10339
634
7870
11313
11163
806
1980
11533
8948
4494
9884
8524
2712
8361
8251
4374
5210
10840
6399
8797
1527
7374
10021
6733
11798
5062
10208
11341
11744
11716
2708
3473
3155
6535
9468
9340
9046
4349
8611
279
9286
10052
1544
5316
11686
1609
807
1435
1292
2076
10291
11996
4361
7772
807
8568
8569
8570
519
8178
2211
5131
4966
11728
3392
2602
8579
8487
8138
264
4253
11716
2683
9981
6007
9067
5171
873
5151
4611
8611
3211
5336
91
10943
7904
10208
4844
7764
1803
11313
10336
10697
6505
8607
4361
5923
8610
8611
8714
6045
6528
8000
5842
8255
11636
8524
1834
11894
5911
4522
3172
7637
8796
1482
7685
11708
3418
2137
7877
4111
1812
7877
11996
6045
1518
8639
8640
8138
2891
4418
3458
6922
1833
9702
5377
7685
10129
5736
2211
773
11790
5210
429
2388
10052
10512
6122
10775
6730
6045
1544
6690
5842
10125
8083
1833
4374
8671
5696
2843
6607
7870
3675
8769
7884
10362
10584
137
11168
6045
3869
9183
4486
5053
5493
6951
3766
1031
4221
7374
9435
8948
9009
11744
6582
10407
2408
4500
5743
67
10943
994
10298
4913
2683
5095
8710
10021
11798
3681
8714
8570
7637
4221
8671
3436
1518
11002
4253
8990
8724
7664
10857
8796
1518
1646
4575
10587
11144
7685
7939
7908
9166
1527
2196
4083
5696
9224
10675
8119
8744
6894
4500
8797
3950
6399
3800
1609
7768
2712
11334
3136
1435
8194
2945
996
11716
6894
6399
4198
6822
1104
8724
4121
8906
8769
5736
8874
1435
1342
6519
7314
10677
1333
10677
4871
2388
8570
2198
10677
8784
8251
9459
282
612
11686
5151
6690
8796
2198
951
208
8796
8797
3495
11144
8954
9459
10697
1510
1241
11200
8524
8807
3862
4852
7314
3840
10099
11823
5940
11530
11861
11686
9873
6009
11194
1486
9009
1527
2800
3668
5962
11790
3600
9490
4948
3480
3214
2712
91
6782
11530
4361
4871
1434
9468
2175
10572
8487
4575
6992
5449
11205
111
4454
8178
9201
5684
3862
2350
11577
1655
11636
3766
4137
5935
2648
6535
2214
9451
8865
431
1754
3766
1333
8906
3733
2980
11787
8874
7685
11632
4252
10129
2980
6528
1333
7007
8062
996
7772
9201
8797
3495
10642
4873
8237
11109
4575
1519
7637
3706
5473
2945
4111
7154
282
4137
6535
2394
8391
8906
10775
4122
10393
7285
11838
5431
8396
1461
8063
6903
11865
9435
4023
4383
8921
6990
11686
11467
1292
11458
10407
2843
3637
4841
69
7502
10052
91
8935
1552
3239
1802
11467
3657
1802
5381
394
9224
614
7242
10099
8948
9451
11334
6822
4966
6519
8954
5736
9507
11639
8059
8959
5911
11639
3675
447
6519
10210
3166
8251
3239
8119
2683
9873
11671
11109
313
2211
3211
7870
11399
6162
3239
2720
4083
7013
1265
8284
5957
2490
6582
8989
8990
9930
8336
7870
2720
7693
9340
4142
11577
7701
6609
10675
2705
634
5736
2097
9429
873
7870
9009
6045
10407
5340
8611
2648
282
7768
6535
7433
5210
5187
6609
6399
5493
7785
8710
6733
4494
4294
4966
4111
4844
3172
4252
10129
313
1980
11883
8569
6992
11083
4943
208
2486
11200
5696
9046
6951
2324
5696
10639
4678
8570
9888
7877
1527
11417
4943
773
5187
410
1694
11716
634
11200
10021
10129
9067
11001
7107
2980
3495
2961
4966
10308
9009
11842
6456
5510
7772
3458
11823
6853
4054
8921
6374
279
2585
4736
9089
4678
9435
4678
11838
2005
2324
9096
11577
11124
5095
7939
7877
8671
612
3473
13
3458
1486
2720
3862
8807
8948
5935
1333
3637
7875
6519
1292
4852
4198
7904
7013
4414
91
7870
3473
10356
6880
10099
8570
4957
9888
2891
3214
6733
5431
4716
1499
5125
10587
3392
996
8611
4039
2350
9884
10208
8062
4054
11194
1542
5908
5935
3806
5053
4486
10261
3800
10407
4176
69
5151
3436
11830
6903
11341
9166
1646
4838
7007
2211
10587
6154
9173
4522
8710
7229
4176
9435
4873
4111
8194
4637
9183
5935
6143
9844
11671
9569
1527
4091
8062
8178
7007
9173
29
4871
4838
6508
8906
11668
9201
8194
11830
5316
8807
1031
4277
6560
5987
1660
9211
1435
1333
6007
10572
6880
6178
636
405
9490
11533
3047
1694
9224
7628
8989
7690
2945
9229
10639
9224
429
5908
3155
10711
137
11810
4349
2065
1980
4176
9555
5690
1324
5125
4988
3155
264
7229
2891
1694
1333
7768
7374
4374
1950
7908
5187
9259
4198
7908
11313
8350
11632
457
11894
5493
410
614
6104
2206
5473
6374
11996
7877
3473
2843
9844
11127
4852
9166
11425
5962
4775
11823
9286
4906
8769
4611
6154
3136
9451
8237
7637
4852
2961
2486
6586
9340
11109
11364
11200
5431
11072
5340
1104
4252
11399
1835
11639
498
11533
3261
10339
7693
4943
8062
10298
6730
1265
10946
9067
11686
8796
8452
11334
1241
2712
7959
4054
4176
11883
6880
9569
2961
8119
3950
8063
10857
9340
11399
3895
8083
10584
2602
8990
8797
5422
7536
2349
11163
8714
6266
1544
679
8724
9459
11787
5735
2720
1754
1655
8865
2585
1333
8361
7807
1333
4522
11200
2137
1570
6903
11341
3653
10837
1292
5962
2761
589
4277
11830
6519
4142
2097
3107
9387
8396
9211
5736
9569
405
11668
11996
6609
4948
3752
6690
10038
806
9592
3869
916
8184
4844
3766
8807
10099
5377
3600
7796
7643
1527
3136
8396
2349
9089
10362
11194
7556
7959
519
8350
2211
4988
10943
1802
10407
9429
11904
3862
3675
10584
3495
9435
4736
3653
11109
589
11425
6528
589
2655
1518
8874
4871
4915
13
3211
10943
9451
11072
2683
8671
2214
3748
1518
11639
9459
3480
11787
7823
1842
7628
1214
7135
10943
9468
8284
3047
9594
7314
9468
7693
3214
9476
3668
410
2961
9480
807
994
7664
5743
6374
9224
7623
11823
873
9490
8874
10837
1265
1324
2097
6099
2214
9166
5187
8119
2324
7556
4838
8251
10052
91
9507
6099
3766
11083
6045
8487
394
9009
7285
9958
11002
3436
3476
11313
8959
8569
1527
4988
10675
11883
1482
6560
2961
7154
7823
10775
11798
5239
8391
2350
7904
11894
11577
9183
1908
137
916
10398
4736
4886
1292
4238
859
4494
11787
8671
1720
1802
9555
4454
10639
7877
3211
410
11278
2881
8710
636
5449
3047
7229
7868
9569
4500
8710
8865
8427
9009
9435
9576
9507
4383
8237
7007
4324
1333
589
4806
4383
1980
9067
10052
11810
7701
1803
9592
11341
9594
3637
9596
1461
7870
5908
6456
916
10943
5736
2712
3155
5171
5384
11163
9569
9594
9067
1570
10261
5957
2005
9569
2097
3675
8796
1552
9451
9490
11838
7904
1324
8935
11109
5431
3480
6903
519
1802
9173
5239
11001
3653
5187
11278
2065
8350
3418
11996
69
1950
2349
137
5684
8796
3391
4373
29
3211
3729
873
10291
4176
6535
394
3668
7904
5431
10129
4798
4838
5473
1265
8237
3418
4454
4338
4253
10393
4122
10038
405
6992
7693
4736
8807
3869
806
4121
2486
7502
5431
6154
3748
10675
11083
11144
11364
5987
8906
5619
208
2602
6609
2720
8083
10208
2349
9702
69
1803
3733
4886
6992
2843
11639
3495
6007
7135
1435
4915
1527
589
4205
7643
8178
11341
7664
3752
11894
11334
3172
10775
6508
3136
6782
11200
10857
11163
2602
7119
8796
4943
2097
2761
1265
1980
4383
1214
3846
1694
2683
2137
6733
6582
7477
11533
10168
6346
589
5908
6007
1694
8062
10639
7365
9259
11865
9873
6346
3869
4324
9884
9811
394
2137
11671
10943
1333
1544
7690
6733
3166
2655
8063
1499
7071
3261
9811
6143
8138
11156
4611
4886
3392
5510
6122
8255
3862
4915
5062
1842
1950
2324
5940
11530
7764
2712
4061
11001
4871
11798
8212
3239
6730
7870
11127
9811
3047
11533
10953
9067
69
10675
5923
4373
11632
11072
1655
7870
9009
7939
2137
2175
1803
8251
6508
8796
3729
7433
9009
4252
7939
8184
11396
11577
5381
7433
9089
11163
9844
10946
5493
2490
2214
5601
6582
11804
1152
1499
4122
4886
7637
1833
6903
208
8284
4023
9468
2655
11865
8255
4648
2585
1609
3846
4648
2486
6171
9873
5589
7502
8948
6178
9387
2712
3806
4886
4844
4111
9884
9490
8524
7637
9888
1518
1833
9476
9476
10261
6922
111
916
9917
10486
9046
7007
916
3729
3476
9888
11671
1843
10943
8350
6560
2945
1812
5690
4500
11639
3372
9468
9917
3600
3657
916
11109
3840
9923
10677
5957
1646
7785
4522
5743
9930
16
2655
6730
11533
1950
11865
2350
9592
10168
91
313
4716
8714
951
8361
3261
2945
6508
3047
11458
2137
11865
9844
8640
3107
2648
2705
9958
3907
10642
3261
7556
7664
4841
8639
3473
1499
7242
4852
2761
7685
7211
3047
11941
4121
6031
10362
11313
1544
6143
9981
9811
7664
6346
10356
3733
6607
11341
4418
8178
5239
4083
7643
7685
7013
2708
3239
8237
7013
10677
3453
11194
11200
8040
6558
4806
11830
2961
2490
5473
11313
11686
1812
5239
9917
5449
10356
6586
10407
9930
10021
335
8639
4418
11200
9166
8350
8011
10675
10398
7764
859
4637
313
5239
4775
6990
10038
4852
7868
9067
9811
10639
3155
8063
3675
11671
8935
5095
7664
11156
10052
11425
10677
10946
4798
2891
6009
4966
5302
4915
1265
8251
3800
10398
7160
10308
994
8040
6730
3637
3480
4575
6733
8237
1542
1333
9555
2041
10208
11467
1609
7959
11144
6582
5911
5736
4121
8083
2742
7877
6730
634
6853
10095
11072
4736
9201
10099
3047
8797
5842
7119
3681
11102
807
11364
951
10587
3107
410
6535
2041
4886
10298
10261
8796
10677
9811
2065
5377
2961
69
7007
10125
4122
7211
5589
10129
429
8948
11861
11168
9930
4061
3862
9435
3223
3223
4886
9459
10697
519
7875
410
636
3733
3869
11127
10398
5316
11530
2198
1803
3315
2349
11639
6730
11894
7556
8989
11205
5601
8391
4418
3657
3480
10168
3211
1570
1333
634
612
11577
1951
1324
6730
11804
282
8083
11458
11396
2394
1812
6270
9046
11744
7877
10584
4221
2800
7643
996
5696
457
8119
5053
2708
8921
2891
5062
7701
7908
11639
5384
7693
1812
10208
4806
10210
4726
4828
8194
9569
11838
11904
4806
2350
5239
4957
9429
8059
335
9476
10675
1834
2712
5125
5601
6528
6270
4852
1835
9507
10129
9183
6560
8724
2486
10840
9009
4873
3453
8671
4966
773
8212
9873
7556
10210
6690
4324
4121
10168
7875
3657
6399
10943
679
11577
10261
6528
994
8865
9981
11607
11632
8807
9173
9067
9490
11168
4439
10298
6266
3261
10208
2137
2712
4988
3495
11031
10486
6528
4338
431
8184
3392
4815
4253
10291
1754
10210
4873
9046
4176
8059
10298
1842
3729
10946
5095
7119
457
11639
10356
6903
10308
4324
4198
9811
11156
5690
3315
3392
3846
4500
3418
10946
5171
11941
8487
6266
10642
8212
69
5743
8138
11467
6031
10332
10332
4198
8611
4943
10336
7211
4137
10339
9596
3107
11639
264
6922
10099
8784
10393
10356
1694
8059
7693
4361
2490
10587
4838
10356
4054
4383
3681
11790
3800
10362
1527
2324
6903
5131
335
69
7643
4637
6266
11109
3800
2909
6162
9046
4374
5842
394
1646
9009
5493
10038
5935
7229
634
4121
3436
1655
807
7643
4251
10393
431
6730
11031
11865
10398
6009
11144
1031
3668
4806
447
9507
3047
10407
2349
29
8570
5239
8119
9211
11194
2005
994
8184
5381
5743
4906
447
634
6399
4054
10021
10675
6399
3862
11144
11533
8350
5962
457
10021
8011
7154
2211
1609
5449
3476
4852
8284
1324
9229
3453
1869
5735
9873
8807
1152
4023
8339
4176
2490
11830
4828
9480
2800
5601
2486
2708
1552
1950
8452
6505
6374
4908
8570
7374
10168
1842
9096
10675
2196
4915
5340
3668
10208
8570
1694
8607
5340
2720
4873
6519
10486
3047
9930
3144
10699
8059
6853
11458
4486
11810
9884
11639
10677
10675
6099
8874
1243
6399
1803
9592
7307
10584
3907
3144
5493
10208
10512
11716
8119
1265
3842
11639
10052
2065
7870
6122
7823
3729
11425
4815
8184
10291
11341
4500
2800
7823
4091
5510
7693
3748
8350
11205
1803
8000
4828
2648
1552
7229
9429
11533
498
4838
7628
439
7211
5696
11124
1951
7536
439
11533
8452
3144
10038
8011
10332
5690
5684
10356
6346
8255
1031
6903
4454
3600
4913
10572
8610
8339
9286
9480
6519
8040
636
410
5187
6045
3315
10584
4815
1803
10587
5987
11417
7365
11109
2550
11399
9387
11467
5911
10168
6558
4198
7701
10356
8063
5117
9930
2005
11787
5187
9340
10857
8921
11533
11787
3495
4726
8579
6171
8524
67
7628
2945
3706
4726
1243
11102
6007
3733
7772
11339
9811
11639
8671
2773
10677
4486
6607
10298
7884
7690
10639
8212
10168
10642
2742
9958
5601
111
8062
8639
6346
5062
10857
8906
3840
410
9811
8769
8570
9224
2720
8251
11708
6045
8639
2891
1786
11168
5340
5302
6558
4716
3907
4844
11838
11716
10675
8671
10677
7939
5923
5449
10675
3657
8011
1265
2214
3155
2490
6374
5239
2683
7154
10740
3453
4054
1031
9702
10697
7242
10699
10587
10308
9046
1265
410
4841
5449
7107
1720
9596
7229
10711
3261
2206
8948
5336
9340
9884
1542
4575
5514
6322
3476
2800
9387
7664
5191
9594
8063
1527
11996
1542
3862
4122
2980
7160
5151
5384
11156
4252
10740
7959
1527
1544
951
5601
11072
1786
3372
6266
8671
2198
1542
3480
5131
3840
11671
7314
11144
3733
4948
5171
9576
11144
1720
7701
6045
3862
4091
2712
11425
7365
4175
5239
7007
10775
1950
8212
11787
1542
10675
3453
8935
8452
11458
11798
8284
10675
11941
994
11577
6782
3473
9490
10587
4121
9569
11467
4349
996
3657
410
4137
3729
9958
10572
9387
541
679
10677
6892
4486
11728
3214
11102
11894
1510
8138
2683
1980
1720
9917
11941
7796
1660
5940
2720
4175
4205
2175
9046
8062
69
11364
4716
3862
1869
10837
4023
11823
10840
3136
8990
1482
2065
6922
11668
8339
6519
208
6143
7154
6690
2945
2041
67
7154
10857
9224
6733
3480
3840
10210
7314
5449
3166
4294
11144
4176
4841
2881
11001
11467
7160
7768
4252
4374
8807
1646
11070
6730
10857
7875
8339
7623
279
2137
10943
1519
9451
1499
3842
11823
4648
264
5735
111
7285
4841
3107
4111
807
4678
10677
4414
2408
313
9387
6045
1655
4054
3846
1333
11830
4648
6782
3144
9917
4198
8921
10584
2945
1499
4091
5377
11156
8710
7502
1950
10336
7764
4494
11109
9201
6196
6609
4716
2350
8062
11787
10940
11205
9259
10943
11341
6733
10946
10512
10587
4616
6558
2350
16
10953
9009
5187
6508
10210
3869
7433
429
1720
4913
10332
431
6196
10697
7365
4111
8639
11396
3733
2324
11787
11031
9811
11341
4294
16
2881
11716
7242
2349
6586
1542
6992
9429
9286
6099
7796
8959
2065
8570
1518
3047
7768
10587
7307
11156
8989
6143
11001
11002
11313
7875
8797
1835
10407
4252
4083
10486
8569
9089
9224
4852
8865
11458
11530
1869
11334
11341
4886
2211
4913
7013
5940
4439
11894
1058
7785
11200
11031
6399
3706
4575
8610
1292
6171
5191
859
4815
1499
11671
3907
10407
10639
3748
6009
11941
10208
2076
11716
429
8284
4235
4736
7823
6505
1527
7643
11577
7807
1058
4122
4198
279
7685
10099
1544
10486
11070
1980
11072
3895
8990
9480
1333
11168
2198
10775
1333
7623
11163
11083
7908
8935
6519
4349
9201
1243
5381
6609
5302
4142
8350
11790
11790
1646
7314
1434
4838
1241
11102
8138
3600
6901
7007
9844
4122
11109
5384
4142
1950
8059
7013
7664
4176
5449
2881
1842
4439
3600
9211
10943
11124
8062
6609
11127
7664
10308
3261
10129
6892
11744
7071
447
4083
11109
6992
11996
7884
10699
8212
2761
11144
111
696
9923
11671
8948
7959
3239
6007
1843
9211
3047
11156
6122
1694
7107
7690
8639
4815
11163
6178
11861
6607
4121
11168
9884
8796
2486
807
6782
10953
6099
4324
9067
1527
1214
10946
2076
6528
7884
2708
9009
10308
4198
3840
8062
10584
4023
431
2909
11194
8579
2076
9981
11205
4418
11200
6507
1786
7664
2742
11205
6535
10486
9981
3869
9211
11396
4324
11425
10208
10946
8083
4871
7764
11070
11070
11708
9844
9702
9811
8119
11530
3211
3869
4966
1434
8714
9923
4527
5493
335
4522
2773
4142
2490
10697
2175
4294
10129
10208
1486
2211
11334
9811
4886
5125
5935
10398
7007
8237
11334
6992
4648
5684
9507
7314
11425
8040
2535
9702
9387
6122
3495
9930
9201
3372
1802
8607
7154
541
4061
8874
1803
11278
3172
7119
6528
4815
6730
2773
11577
4966
10129
8251
2773
3047
3047
1031
2720
6196
4235
6558
2800
11861
6346
4775
636
2683
11530
4838
5923
9459
3166
11072
5191
9067
4361
3434
11313
4454
7908
2252
1754
11823
2961
11639
634
3144
8807
7643
1519
7884
3706
5053
9844
10210
1852
7768
7242
11334
9480
8990
2097
1869
11339
5053
11341
2394
7908
6399
11716
3315
2349
7013
10711
4726
5302
7307
6196
1333
9340
6045
1152
11838
6171
431
2708
9917
4838
11364
4908
9211
2800
9884
4039
6730
4815
2486
6196
11810
614
4841
5736
3675
10642
5957
636
7685
3315
11031
6903
7285
10675
5431
636
1461
4494
6730
1812
5449
5384
11396
7556
2761
11399
1754
11708
8284
1803
5062
4373
7623
4142
5940
8350
10021
9166
5923
10857
1214
6007
4678
11417
8714
10129
8011
11861
11533
1333
7556
11425
7160
5125
6922
8611
3372
1908
3748
11341
4603
5151
7229
6535
4205
4373
6519
9173
7772
10356
4522
7623
11744
2324
10339
1486
8948
4121
5449
2137
6031
9702
7877
6519
11458
4252
10208
4277
11996
8255
6922
11001
11686
11467
9811
6346
10639
5302
9476
3155
3800
9958
4122
1852
8610
1342
9387
8569
9340
7365
11072
4500
8396
7242
8989
8119
11798
8178
1694
4815
807
8906
11072
1720
4373
4852
5422
8011
11904
8959
11194
6171
5125
7556
10837
8865
3391
8040
3950
3862
1655
6162
9259
10572
11671
8954
5151
2214
6099
2655
10332
4500
1461
11577
5957
3668
11530
9873
7242
11533
11070
3458
9089
2097
9923
7285
8807
6143
4736
3239
4176
10697
3239
11031
11577
7637
6374
91
5336
1834
11671
7768
3372
3453
5191
8251
4964
8391
8524
335
3436
335
2252
916
10711
11339
10291
3458
11109
2349
5514
7685
8396
11577
11083
6901
11861
7870
11668
4122
996
6880
7314
498
5842
10393
679
6535
9224
10584
11744
10943
951
6266
8339
9451
7875
69
6535
2214
3681
2486
2720
11607
5151
8255
614
10168
8059
10675
4122
5589
1609
8000
11168
10587
8906
9468
2206
5911
1482
1499
4716
3144
8339
8178
3223
996
11632
4736
8714
1843
11636
1499
8990
11639
1333
7637
2535
6528
6346
6399
6099
3495
7939
5187
9576
1720
4852
8570
7868
4841
11838
10339
7071
10038
6733
2065
10512
11804
5062
11671
8935
8255
11668
4908
11072
11671
8040
9888
2211
5053
11842
6951
7071
4906
6009
634
10953
8710
4908
8251
11686
6031
11200
11341
7013
2720
11156
6045
3107
3495
2585
4205
7807
5684
405
9594
4235
9046
6178
1265
5962
9480
11708
8724
11996
11708
5302
5736
8063
5601
11716
7664
4111
405
11127
9811
5510
1542
2961
7374
4906
8255
11728
4943
11823
10021
3047
10407
10953
11168
1833
2394
6582
3846
1950
3418
8336
8639
11744
9480
11072
5381
208
11842
8906
67
1552
4726
2602
8251
1552
5696
5962
4841
6171
7908
5987
6609
9917
6903
4852
2712
8396
13
2720
8796
11109
5449
7701
10740
9569
996
4054
11425
2196
11607
1292
4324
4873
4176
7764
11787
7628
9046
11790
8569
10946
1544
7690
11894
6528
1510
11798
4235
8865
679
2490
7690
11804
9592
4603
7975
6508
10398
11810
1570
9229
8710
11102
8524
4235
2349
1950
7502
11001
9930
1802
11823
6782
11728
10587
11127
2394
9435
11830
1544
4121
1552
5131
8212
5384
8194
11838
2394
4205
7556
11842
5842
4838
8906
9981
1031
8935
7307
7013
3144
11278
11144
8138
2490
773
8361
6558
9480
2252
11861
7875
9166
313
11865
5316
2408
5962
1435
7623
10339
4039
1292
1694
10940
5684
11668
9046
3480
6171
7374
2041
11883
10675
4251
7768
11639
8874
614
5449
9429
2196
7785
11894
2708
10129
5053
4213
8784
11396
6031
10021
5384
11904
6009
2881
8194
10099
1434
10308
11671
7823
1852
6143
2843
1655
5842
1980
8959
8921
7007
6560
2350
4338
7433
8487
5514
3733
2211
1518
5684
5911
1834
8610
11083
11533
4841
2349
9923
7643
11941
6892
3166
9507
3453
7685
7242
3223
9569
7772
429
5316
11996
1342
7877
11144
1660
1951
457
6730
429
6922
4611
4522
5935
519
10208
4277
11001
29
7536
10740
4873
8040
6178
9930
5493
10699
5962
10512
7959
6346
6171
1435
5684
7685
3473
4678
9476
10168
3600
3155
4815
11109
7307
11996
6892
10486
4374
3214
